0.000000000000000000e+00 2.273853352828327234e-01
2.000000000000000000e+00 2.135876322898652424e-01
4.000000000000000000e+00 1.925265592281927285e-01
6.000000000000000000e+00 1.852631891594877511e-01
8.000000000000000000e+00 1.852631891594877511e-01
1.000000000000000000e+01 1.831705825411805155e-01
1.200000000000000000e+01 1.636929472985219347e-01
1.400000000000000000e+01 1.279608696063064543e-01
1.600000000000000000e+01 1.040430509934481690e-01
1.800000000000000000e+01 3.015378633541379930e-02
2.000000000000000000e+01 4.106459224097607462e-03
2.200000000000000000e+01 1.971550450495464929e-02
2.400000000000000000e+01 7.007532033757153667e-02
2.600000000000000000e+01 1.904879553613253451e-01
2.800000000000000000e+01 3.101513022088481231e-01
3.000000000000000000e+01 4.052906495585950619e-01
3.200000000000000000e+01 3.678644926959027672e-01
3.400000000000000000e+01 3.036757937102613214e-01
3.600000000000000000e+01 2.214720340001324062e-01
3.800000000000000000e+01 2.247878029385593501e-01
4.000000000000000000e+01 2.837024903561691791e-01
4.200000000000000000e+01 3.445713059080361962e-01
4.400000000000000000e+01 4.114147115795538934e-01
4.600000000000000000e+01 5.600722856829548624e-01
4.800000000000000000e+01 6.969212581381016847e-01
5.000000000000000000e+01 8.189179738707677014e-01
5.200000000000000000e+01 9.080765164985155069e-01
5.400000000000000000e+01 9.562807225028111535e-01
5.600000000000000000e+01 9.888241305894533983e-01
5.800000000000000000e+01 9.881336668388966959e-01
6.000000000000000000e+01 9.873660563005683954e-01
6.200000000000000000e+01 9.916558998680982118e-01
6.400000000000000000e+01 9.856319679487668406e-01
6.600000000000000000e+01 9.620117644994009565e-01
6.800000000000000000e+01 8.930029985027734263e-01
7.000000000000000000e+01 8.002870246239043306e-01
7.200000000000000000e+01 6.744921153732785779e-01
7.400000000000000000e+01 5.336319385472689802e-01
7.600000000000000000e+01 3.958859203876436417e-01
7.800000000000000000e+01 3.306385960364682242e-01
8.000000000000000000e+01 2.830681723233798852e-01
8.200000000000000000e+01 2.157622815497834690e-01
8.400000000000000000e+01 2.239956241155102445e-01
8.600000000000000000e+01 3.126826811826061703e-01
8.800000000000000000e+01 3.836092948935748703e-01
9.000000000000000000e+01 3.974940023194180050e-01
9.200000000000000000e+01 2.890294760518045125e-01
9.400000000000000000e+01 1.681544424688440620e-01
9.600000000000000000e+01 5.857273428081174321e-02
9.800000000000000000e+01 1.843518927289370876e-02
1.000000000000000000e+02 3.948951199063644064e-03
1.020000000000000000e+02 5.411750728699640106e-02
1.040000000000000000e+02 1.168717046133502524e-01
1.060000000000000000e+02 1.428170265275016670e-01
1.080000000000000000e+02 1.770817723162995683e-01
1.100000000000000000e+02 1.852631891594877511e-01
1.120000000000000000e+02 1.827670619818080600e-01
1.140000000000000000e+02 1.840805289029476266e-01
1.160000000000000000e+02 2.023203439358092770e-01
1.180000000000000000e+02 2.289994175203227400e-01
1.200000000000000000e+02 2.320430725945487604e-01
1.220000000000000000e+02 2.174983315399919570e-01
1.240000000000000000e+02 1.903085890797567015e-01
1.260000000000000000e+02 1.848716692115463522e-01
1.280000000000000000e+02 1.870838533508997481e-01
1.300000000000000000e+02 1.808923414647976846e-01
1.320000000000000000e+02 1.656061876352601381e-01
1.340000000000000000e+02 1.324214968752658039e-01
1.360000000000000000e+02 8.695118016262873284e-02
1.380000000000000000e+02 1.854769500506061805e-02
1.400000000000000000e+02 0.000000000000000000e+00
1.420000000000000000e+02 2.910410785429527400e-02
1.440000000000000000e+02 1.010188969127969877e-01
1.460000000000000000e+02 2.301799776698615074e-01
1.480000000000000000e+02 3.527565800906127258e-01
1.500000000000000000e+02 3.915987019538648140e-01
1.520000000000000000e+02 3.464073994570029402e-01
1.540000000000000000e+02 2.694669793425982229e-01
1.560000000000000000e+02 2.158017450989128672e-01
1.580000000000000000e+02 2.275203421614326316e-01
1.600000000000000000e+02 3.068773854027863068e-01
1.620000000000000000e+02 3.571336959618095497e-01
1.640000000000000000e+02 4.706879815526597843e-01
1.660000000000000000e+02 6.409924085632153767e-01
1.680000000000000000e+02 7.767958277474236173e-01
1.700000000000000000e+02 8.699880758924664059e-01
1.720000000000000000e+02 9.465309757532142099e-01
1.740000000000000000e+02 9.812603702158622099e-01
1.760000000000000000e+02 9.992196602416892892e-01
1.780000000000000000e+02 9.917162779443612353e-01
1.800000000000000000e+02 9.978245891628175768e-01
1.820000000000000000e+02 1.000000000000000000e+00
1.840000000000000000e+02 9.875604662057533289e-01
1.860000000000000000e+02 9.483868703110428511e-01
1.880000000000000000e+02 8.713195437307523772e-01
1.900000000000000000e+02 7.743174871902573919e-01
1.920000000000000000e+02 6.499028625508473933e-01
1.940000000000000000e+02 5.133872820820232219e-01
1.960000000000000000e+02 3.854633893596886574e-01
1.980000000000000000e+02 3.197097892137605313e-01
2.000000000000000000e+02 2.625546271582531732e-01
2.020000000000000000e+02 2.180674059888806082e-01
2.040000000000000000e+02 2.313545375136863425e-01
2.060000000000000000e+02 3.256001393270981925e-01
2.080000000000000000e+02 3.901136262892592188e-01
2.100000000000000000e+02 4.105052902445402441e-01
2.120000000000000000e+02 3.039702372835895727e-01
2.140000000000000000e+02 1.592176621398869174e-01
2.160000000000000000e+02 6.314946746536785616e-02
2.180000000000000000e+02 1.766902523683577114e-02
2.200000000000000000e+02 1.012551589503468512e-02
2.220000000000000000e+02 5.641599939516841328e-02
2.240000000000000000e+02 1.259411667024434578e-01
2.260000000000000000e+02 1.520177453041229865e-01
2.280000000000000000e+02 1.775272950156810414e-01
2.300000000000000000e+02 1.829980737518577261e-01
2.320000000000000000e+02 1.838471170106117103e-01
2.340000000000000000e+02 1.827520612175190795e-01
2.360000000000000000e+02 2.068282879012685871e-01
2.380000000000000000e+02 2.265482926355094906e-01
2.400000000000000000e+02 2.403459956284773325e-01
